6346
1925
1769
4618
6868
6037
6203
7481
7473
6673
6675
4798
8673
6394
1114
6697
6898
2442
4472
6197
7963
1763
8753
7767
7917
3427
7839
753
6195
6693
7334
7751
7839
6424
5878
5545
1102
6039
6832
7110
8279
1018
4800
6348
7021
3101
8058
1471
1022
2223
3981
6041
6187
7336
4178
6388
2035
6679
3557
1304
5776
6135
7775
6029
8074
8084
6133
5690
5662
6465
6529
6586
7450
8046
3835
4357
4557
4616
6937
6189
3431
6906
2322
3095
3435
3641
7833
2039
4624
5471
6035
6087
6805
6628
7671
1845
4476
5123
7585
5916
6023
7835
2263
5379
5807
1961
2037
6533
7723
5325
8648
1260
5499
4660
5708
6384
3473
4573
6350
1100
3091
4468
5527
6781
3831
6043
6139
7641
1020
2291
4466
6392
7251
5513
7581
8076
4470
6095
6342
7837
787
797
4607
5563
6025
6422
6191
6227
6434
6463
6525
6131
7611
6127
8369
5299
6344
6527
7769
5297
6432
3619
5377
6731
6681
3633
5473
5549
3759
4478
5353
8755
1775
5951
6931
5295
6223
6933
8291
5865
6850
7181
2265
6418
5028
7745
6430
8297
7987
1116
7771
8702
7929